41.00
38.50
47.25
38.00
38.00
37.50
37.50
37.75
37.00
37.25
37.00
37.50
36.00
37.00
38.00
38.25
36.75
36.75
38.50
41.00
38.25
37.00
39.00
37.75
36.50
44.75
36.00
37.00
36.25
37.25
36.50
39.00
39.00
37.00
36.25
38.25
40.00
39.75
37.25
38.75
37.00
36.25
38.00
36.25
45.00
45.50
35.50
38.00
35.50
36.25
35.00
35.50
35.00
36.50
35.25
35.00
34.75
34.50
34.50
35.25
34.75
34.00
36.00
35.00
34.50
36.25
35.25
36.00
45.25
37.75
36.75
35.50
35.25
36.00
35.25
33.75
35.75
48.50
35.50
34.25
35.25
34.25
34.00
33.75
33.50
35.00
35.25
50.75
52.00
48.25
39.75
59.50
56.75
62.50
58.75
56.25
63.00
60.00
56.50
52.75
47.50
46.75
53.25
48.25
48.00
45.75
46.00
55.75
44.50
44.00
44.50
43.75
42.25
44.00
42.00
43.50
51.25
40.50
45.75
49.75
41.25
40.75
40.50
49.25
46.75
49.50
53.75
54.25
49.50
42.50
49.25
49.50
44.50
47.00
47.75
51.75
44.75
51.25
55.00
49.75
47.25
56.00
45.75
45.75
50.25
49.75
52.75
53.00
51.75
55.00
50.25
49.25
54.75
56.50
55.75
54.25
54.25
54.50
53.00
51.25
52.50
52.75
53.00
50.75
53.00
55.00
51.50
52.50
53.75
52.00
51.25
52.75
53.50
53.50
52.25
53.50
52.75
52.50
52.25
52.75
51.75
52.50
53.25
51.75
51.75
52.00
54.00
51.75
52.00
53.00
52.75
52.25
51.75
51.75
53.75
56.00
52.50
52.75
52.25
52.75
52.25
52.25
54.50
55.25
52.75
52.25
52.25
52.50
52.50
52.75
54.75
56.75
52.50
52.50
52.50
53.50
52.25
52.75
55.00
53.25
53.25
52.00
53.75
55.50
52.50
53.00
54.75
55.25
54.25
52.75
53.00
54.75
52.50
52.75
55.50
53.00
53.75
52.50
52.50
56.25
52.50
53.00
55.75
53.00
53.25
52.75
53.25
55.75
53.00
54.00
58.25
53.25
53.50
52.75
53.25
56.25
53.00
53.25
53.75
53.25
53.75
53.75
53.25
56.50
53.00
57.00
53.25
54.00
54.00
53.50
53.50
55.75
53.00
58.00
53.50
53.75
54.00
53.75
54.00
54.75
53.25
54.25
53.25
53.25
53.75
54.00
54.50
53.25
54.25
55.50
53.00
53.25
54.75
53.00
53.50
53.25
52.00
55.25
53.00
52.25
55.25
52.25
52.75
52.00
56.50
53.50
53.25
52.75
55.50
52.50
52.75
52.25
56.00
53.25
52.25
52.50
55.25
52.50
52.00
52.00
56.75
53.50
52.50
52.50
55.00
52.25
52.50
52.25
56.00
55.00
52.75
52.50
52.75
52.25
52.75
53.50
56.00
55.25
53.00
51.75
52.00
53.00
54.00
54.75
53.25
55.25
52.50
53.00
52.75
52.00
53.75
57.00
53.25
52.75
53.00
53.00
53.25
53.50
56.00
55.75
52.25
52.75
53.00
54.00
53.25
52.50
55.50
52.50
53.00
52.25
53.75
53.75
53.00
52.75
58.50
52.50
52.25
52.75
52.75
53.25
53.25
52.50
55.25
52.75
52.50
51.50
52.75
53.00
53.00
53.00
56.50
53.00
52.75
52.25
52.75
55.75
52.50
52.75
53.75
52.25
52.50
52.50
52.75
54.75
52.50
53.25
53.00
52.50
53.25
52.75
52.00
55.75
52.75
55.75
53.75
52.50
53.00
52.25
52.75
55.75
52.00
57.25
52.75
52.50
53.25
52.50
53.25
55.75
52.75
57.00
54.00
52.25
54.00
53.00
52.25
55.25
54.00
53.75
53.25
53.25
54.75
52.25
53.00
53.00
55.75
53.75
53.50
53.25
56.75
53.00
52.75
52.25
52.75
53.00
52.50
52.50
55.00
52.25
53.25
53.00
52.50
52.50
52.50
52.75
55.00
52.25
57.50
50.50
50.25
54.25
51.00
51.75
62.75
53.75
52.75
55.25
51.75
49.50
51.00
50.00
49.25
50.50
52.25
55.50
57.00
52.25
61.00
57.50
59.75
55.75
54.00
54.00
55.25
54.00
56.50
55.00
55.50
55.00
54.25
56.50
56.00
54.25
55.75
53.25
54.00
59.50
53.50
54.25
53.25
54.50
55.75
54.50
53.50
58.50
53.75
53.75
54.50
54.50
53.75
57.75
54.00
54.75
54.00
59.50
57.50
55.00
54.25
54.00
55.50
55.00
53.75
54.75
58.75
54.25
55.25
54.50
54.25
54.50
53.75
54.25
54.75
54.25
53.75
58.00
54.25
54.75
54.50
54.50
55.25
54.00
54.75
58.75
53.50
54.50
53.75
53.75
53.50
54.00
53.75
56.25
54.00
55.00
53.75
54.25
54.50
53.75
55.00
55.50
56.25
55.25
57.50
54.25
53.75
53.75
54.25
54.50
53.75
55.00
60.25
53.50
54.25
54.25
55.25
54.25
55.25
54.75
55.00
54.25
54.25
57.00
54.50
55.00
54.75
54.75
55.50
54.50
54.25
59.25
54.25
54.00
55.50
54.75
54.75
53.75
54.00
57.25
54.00
54.75
54.50
55.75
54.00
54.00
54.50
55.00
54.25
54.00
58.25
54.25
54.25
55.50
54.75
54.75
54.25
54.00
56.00
54.50
54.25
54.00
54.00
54.25
56.75
54.00
54.75
55.75
53.75
58.75
54.25
54.75
54.50
53.75
54.25
54.75
54.00
55.75
54.75
55.25
59.00
54.00
54.25
54.00
53.75
55.00
53.50
54.50
58.00
53.75
54.50
54.75
54.75
55.25
54.00
56.00
57.00
55.00
56.25
55.25
54.75
56.75
54.00
53.75
55.25
53.75
54.50
60.50
54.00
53.75
55.00
55.00
55.25
54.25
54.00
59.25
54.50
54.25
53.75
55.25
54.75
54.50
55.25
55.75
54.00
54.25
57.75
54.50
54.00
55.75
54.00
55.00
53.75
53.75
59.50
55.00
53.75
54.50
53.75
54.00
53.50
53.75
54.25
55.00
53.75
57.00
54.25
53.75
54.50
55.25
55.25
53.75
55.00
58.75
54.50
53.50
56.50
54.00
54.50
54.25
54.50
59.25
54.75
54.25
54.50
54.25
54.25
53.50
54.50
54.00
55.25
54.00
59.75
57.00
54.75
53.75
54.25
55.50
55.25
56.00
56.50
55.00
54.00
54.00
53.75
53.75
54.50
53.25
55.50
55.00
54.00
57.00
54.00
55.50
54.75
54.50
55.25
56.25
54.75
59.50
55.75
54.00
54.50
54.00
54.75
53.00
54.00
57.25
54.50
53.50
56.00
53.75
54.50
54.50
54.25
55.50
54.50
54.25
59.50
54.00
55.50
54.75
55.75
55.00
54.50
54.00
56.25
53.25
55.25
56.75
53.25
54.00
57.50
54.00
55.75
55.50
55.50
58.25
53.75
54.75
53.75
53.00
55.25
53.75
54.50
57.00
53.25
55.00
54.25
55.00
56.25
55.25
54.50
55.75
56.50
55.00
58.50
54.50
56.50
54.25
53.75
54.50
55.75
55.25
59.50
54.50
55.25
55.00
55.00
54.25
54.50
55.25
55.50
54.50
54.25
57.50
54.25
54.50
53.25
57.00
53.00
55.50
56.50
56.75
54.00
58.75
61.75
54.75
57.25
55.75
65.50
57.00
57.25
56.50
56.25
60.25
51.50
62.00
52.50
53.50
48.00
53.75
52.25
50.00
57.75
55.50
52.75
50.75
60.25
60.25
61.50
52.00
57.75
51.25
58.25
58.25
62.50
59.50
56.50
60.25
55.25
55.50
59.75
56.25
55.50
54.00
59.50
58.25
54.75
54.00
54.75
53.75
54.75
54.25
56.00
55.50
55.75
54.25
59.00
54.25
54.75
53.75
54.50
55.00
54.25
55.50
58.25
53.75
54.75
54.50
54.00
54.50
53.75
53.25
54.50
53.25
54.25
57.50
55.25
56.00
54.75
54.00
61.00
55.50
56.00
60.00
54.75
54.00
55.25
53.50
54.00
54.00
54.00
55.50
54.50
58.00
58.00
53.75
55.25
54.50
55.25
55.50
53.25
54.00
56.25
54.50
54.00
55.50
54.00
54.50
53.50
54.75
55.50
56.00
55.75
60.00
54.75
54.25
54.50
54.00
55.50
54.50
55.00
57.25
54.50
54.50
54.25
54.25
55.25
54.50
56.25
55.25
55.25
55.00
61.25
54.00
54.00
53.75
54.75
54.75
55.00
55.00
56.50
54.75
57.25
57.25
54.50
54.25
54.00
54.25
54.75
54.00
54.50
57.50
55.75
54.75
53.75
53.75
55.75
54.50
55.00
54.25
54.75
53.50
58.25
53.50
54.00
54.25
54.00
54.75
54.25
54.75
55.50
53.25
54.00
54.00
55.00
55.00
53.75
54.50
54.25
54.75
54.00
60.25
55.50
54.75
54.50
54.00
55.50
55.00
55.25
55.75
54.50
59.25
57.25
54.00
54.00
53.75
54.00
54.00
54.25
54.00
58.00
54.75
54.75
54.00
53.50
54.50
55.50
57.25
55.75
54.25
54.75
59.75
55.50
53.75
53.50
54.50
54.50
54.00
53.75
54.75
53.25
54.00
57.75
55.25
55.50
54.25
54.00
55.75
54.25
54.00
58.75
55.00
54.75
53.25
53.00
54.75
54.00
54.00
54.25
54.00
55.75
58.50
54.00
55.00
54.00
54.25
54.75
53.75
53.00
58.50
56.25
54.25
54.25
53.50
59.25
54.50
57.50
56.00
55.00
54.00
58.50
54.50
55.00
54.50
54.75
55.00
55.50
55.00
57.50
55.00
55.25
54.00
53.50
54.00
54.25
53.75
55.00
55.25
54.50
58.50
54.25
54.75
54.25
55.00
54.00
54.50
54.50
56.25
54.25
56.75
54.50
54.25
56.50
53.75
57.25
55.50
54.50
54.25
58.25
55.00
55.00
54.25
54.25
53.75
55.50
55.00
55.75
53.75
54.50
58.25
55.00
55.25
54.50
54.00
55.25
55.00
55.25
60.00
53.75
54.00
53.75
54.25
54.75
56.50
54.50
57.00
54.00
53.75
60.25
54.75
54.25
54.00
54.00
61.00
55.00
54.00
56.50
54.25
55.25
57.75
54.00
55.00
54.25
53.75
54.50
53.75
53.75
57.75
54.25
54.75
54.75
54.00
54.00
54.25
54.50
54.75
54.25
54.00
58.75
53.75
54.25
53.50
56.25
55.50
54.00
54.00
54.75
53.00
53.25
60.25
52.00
55.50
53.75
67.00
62.50
51.25
60.75
61.25
61.75
58.00
58.50
56.75
57.00
57.00
56.00
55.00
53.75
56.00
53.50
54.50
56.25
54.00
54.50
58.00
53.75
53.50
56.00
54.75
54.00
53.25
53.50
56.50
54.75
54.00
54.25
54.50
55.00
54.50
55.75
56.75
55.25
54.75
55.00
54.75
55.00
54.50
54.25
56.00
54.50
54.75
54.75
54.75
58.25
54.25
54.25
54.50
54.75
54.75
54.25
55.00
57.75
54.75
54.25
54.50
54.25
54.75
54.00
56.00
57.50
54.00
55.75
54.00
55.00
54.50
54.25
54.75
58.00
54.50
55.75
55.75
54.25
54.75
55.00
54.50
57.00
54.50
55.75
54.50
54.75
55.25
54.25
54.25
56.00
54.75
58.00
54.75
54.25
56.25
54.50
54.50
56.50
56.25
56.25
54.50
55.75
55.00
54.50
54.50
57.25
54.25
55.25
55.00
54.50
55.50
55.00
54.00
56.25
54.25
54.50
54.50
55.75
56.25
54.50
54.75
56.75
55.00
55.00
54.00
54.50
55.25
54.50
55.25
55.50
57.75
54.50
54.50
54.75
55.50
55.50
54.50
55.00
54.75
54.25
54.00
54.50
55.00
53.50
54.50
54.75
54.00
54.50
54.50
54.25
55.75
54.00
54.50
54.00
53.75
54.75
54.25
54.25
56.50
54.25
55.75
52.00
61.00
59.50
56.25
55.50
54.50
61.50
61.25
60.50
56.75
55.50
59.00
57.25
55.50
54.75
55.25
56.75
59.00
56.00
58.75
57.50
59.50
58.25
57.00
55.75
57.50
54.75
55.00
55.50
60.00
56.50
53.25
52.50
53.50
61.00
60.00
56.25
62.75
60.75
59.00
58.75
56.00
58.75
59.25
59.75
58.75
59.00
55.75
58.00
56.00
55.75
55.25
56.00
56.00
61.75
55.00
56.50
56.00
56.25
57.25
55.75
56.25
57.75
55.50
56.25
55.50
55.25
55.50
55.75
55.50
56.00
54.75
55.25
58.75
55.75
55.75
55.25
55.00
55.00
55.50
54.75
58.50
56.25
56.25
56.25
55.00
55.75
55.25
55.00
57.00
55.25
55.00
59.00
54.50
54.75
54.75
55.25
55.25
55.25
55.00
61.75
55.50
55.25
55.50
55.50
55.75
55.25
55.00
58.25
54.75
56.00
54.75
55.25
56.25
56.25
56.00
58.00
57.00
55.50
61.25
55.50
54.50
61.75
56.50
57.25
55.50
57.75
60.25
55.75
55.00
55.25
54.25
56.50
55.50
57.75
56.50
56.00
57.00
59.00
55.75
55.00
55.75
55.25
55.75
54.00
55.75
58.75
54.75
55.00
55.50
55.25
56.00
56.00
54.75
59.00
55.00
57.50
57.25
55.00
56.50
57.25
55.00
57.75
54.50
54.75
61.50
55.50
58.00
55.25
55.50
56.00
54.75
55.75
57.00
55.00
59.00
56.00
54.75
55.50
54.75
54.75
55.75
55.25
55.25
61.25
55.25
55.25
55.25
55.75
55.00
54.75
56.75
58.75
56.00
56.50
56.00
59.00
55.50
54.75
55.00
57.50
57.25
54.75
61.75
56.25
55.25
54.25
57.25
57.25
55.75
55.25
58.25
55.25
55.25
58.75
57.00
58.75
55.75
55.50
55.75
57.50
55.50
57.75
56.00
55.50
55.75
56.00
55.00
55.25
54.75
56.75
55.00
54.75
59.25
55.25
55.25
54.75
55.50
55.75
55.00
59.50
56.25
57.75
56.25
57.50
55.50
55.50
55.25
55.25
56.00
54.75
55.75
63.50
58.00
57.25
56.00
57.25
57.25
57.25
55.50
59.75
56.50
55.50
57.00
57.25
57.25
56.25
58.00
57.25
56.50
56.00
59.50
55.75
55.25
55.25
55.25
56.00
55.00
55.50
56.25
55.50
56.25
59.00
54.50
56.00
55.50
55.75
56.25
59.50
56.00
60.75
54.75
55.25
55.50
57.75
56.00
54.75
54.75
60.75
55.50
55.25
60.00
54.50
55.75
55.50
55.50
56.25
55.50
54.25
60.75
54.50
55.75
55.00
56.50
56.25
55.50
55.75
57.25
58.75
57.25
59.50
57.00
55.00
54.50
55.50
56.00
54.75
54.50
57.00
53.00
54.75
57.75
53.75
52.00
51.25
54.75
49.75
51.25
52.50
61.00
53.75
49.25
58.75
51.00
60.25
58.25
56.25
54.50
55.75
54.25
56.75
53.50
53.75
57.25
56.50
54.75
54.50
54.75
56.50
54.75
55.00
54.25
54.75
56.00
54.75
55.75
55.00
55.00
55.25
54.75
54.75
57.25
55.25
56.00
55.75
55.25
55.00
55.00
55.50
56.50
54.50
55.50
55.00
55.25
56.75
56.50
55.50
59.00
55.00
56.75
55.00
54.75
56.50
55.75
55.50
57.75
56.25
55.25
55.00
55.50
55.25
57.50
55.25
58.00
56.00
56.00
55.00
58.50
59.50
55.25
55.00
55.00
55.00
55.25
55.00
59.50
58.25
55.50
55.50
55.50
54.50
56.25
56.00
60.00
59.75
56.50
56.00
55.50
56.25
56.75
57.00
57.75
58.50
56.00
55.75
55.50
55.25
56.75
58.00
55.50
55.75
55.00
55.00
56.25
56.25
56.25
55.00
55.50
55.50
55.25
55.00
56.75
55.00
59.50
54.75
54.75
58.25
55.25
57.00
55.00
55.25
59.25
54.25
57.25
54.75
54.75
58.50
56.50
55.50
56.50
54.75
55.75
56.50
54.25
58.25
57.25
54.75
55.25
56.50
54.50
56.25
54.75
58.00
55.50
55.00
55.00
54.50
55.00
54.50
55.25
57.25
54.25
54.75
54.25
54.00
55.25
54.75
56.25
55.50
54.50
54.75
53.50
55.75
55.75
54.75
54.25
54.50
54.75
56.00
54.75
60.25
58.50
54.50
54.50
54.75
57.50
55.50
55.00
55.50
58.00
54.50
55.00
56.25
59.25
54.50
56.00
54.75
58.00
55.00
56.00
54.75
59.00
55.25
54.25
55.25
58.50
54.00
54.50
55.75
55.00
55.25
56.75
55.75
57.50
54.75
55.75
54.50
54.75
55.50
55.25
55.75
57.00
56.50
55.00
54.75
56.50
56.00
54.75
55.00
55.00
55.00
55.25
60.00
60.00
60.25
55.00
59.00
55.00
55.75
56.00
54.50
54.75
58.50
55.00
55.25
55.25
54.75
55.50
54.75
55.50
57.00
58.00
55.50
55.75
54.25
55.75
54.25
56.75
58.00
55.50
55.00
55.00
54.50
55.50
54.00
59.00
56.75
54.50
54.50
54.25
56.00
55.50
54.75
55.50
55.00
54.75
54.75
54.25
55.25
55.75
54.50
56.00
55.25
54.75
54.50
55.00
54.50
55.75
54.50
54.25
56.25
54.75
55.25
54.50
55.00
59.00
54.75
54.75
54.75
54.25
55.25
54.50
54.75
58.50
58.25
54.75
54.50
53.75
54.50
53.75
54.75
57.75
57.00
55.00
56.50
55.00
54.75
54.75
54.75
57.50
55.00
54.25
54.25
55.50
55.00
54.75
54.25
58.25
54.50
57.75
54.50
55.00
58.25
55.00
55.00
56.75
54.00
55.00
58.75
54.75
54.75
54.50
55.00
58.75
54.75
55.00
58.75
54.25
56.00
55.75
54.50
57.25
54.25
54.50
56.50
55.00
55.25
55.00
55.00
58.00
54.00
56.50
54.50
54.50
55.25
55.00
54.25
56.50
56.00
55.25
55.00
54.50
55.25
56.00
54.75
59.75
55.75
54.75
54.50
54.50
55.50
54.50
54.75
58.50
55.75
55.25
54.75
54.00
57.50
54.00
54.75
57.50
54.50
55.00
54.25
55.00
58.50
60.75
59.25
55.00
56.75
57.75
56.50
56.50
59.00
56.00
62.25
57.75
65.00
64.50
61.00
60.50
60.25
61.25
64.75
60.25
60.75
59.25
60.25
60.75
60.00
58.75
63.25
55.00
54.25
58.75
66.50
51.75
53.75
55.00
52.50
52.50
60.75
60.50
61.75
60.75
62.50
59.00
59.50
59.00
57.00
58.50
58.50
56.50
60.75
57.00
55.75
61.50
56.50
57.25
56.00
57.25
61.25
56.50
57.25
57.50
58.00
56.75
57.00
56.50
63.25
59.75
56.25
55.75
56.50
57.25
56.75
56.75
57.50
55.75
56.25
58.00
56.25
56.50
55.25
55.75
56.50
56.00
57.50
61.25
56.75
56.00
55.50
55.75
55.50
58.00
56.75
58.50
56.75
56.75
61.00
63.00
59.75
61.75
59.75
58.75
56.75
56.50
58.25
51.00
49.50
48.75
47.00
54.75
56.50
58.00
61.00
55.25
55.50
60.25
57.00
59.25
60.00
59.50
61.00
60.75
62.75
63.25
65.75
68.50
64.00
53.00
57.00
50.50
55.00
51.00
49.50
56.25
58.75
61.00
58.50
61.50
58.50
60.75
60.50
59.50
60.75
62.25
60.25
59.50
59.75
59.50
59.50
59.50
62.50
59.00
59.25
60.50
60.00
62.25
59.25
61.00
61.25
59.25
59.75
59.25
59.50
60.25
59.50
61.00
63.50
60.75
65.00
62.50
61.00
63.00
61.75
60.50
60.25
60.75
61.50
61.75
60.25
63.75
60.75
61.50
61.25
63.00
58.25
62.00
61.25
66.50
62.25
60.75
55.25
52.00
54.25
57.50
52.50
56.00
50.00
55.50
54.50
48.25
52.25
54.50
52.75
52.25
58.75
60.50
57.50
55.75
55.75
59.25
54.75
54.00
59.25
54.00
55.50
54.25
54.25
58.50
55.50
54.50
54.50
54.25
54.75
54.50
55.00
55.75
54.75
55.50
55.00
53.75
54.25
54.25
54.50
56.00
54.25
54.75
54.75
54.50
54.50
54.75
54.75
56.50
55.00
56.50
55.25
55.25
59.75
55.00
55.00
55.25
54.50
54.75
56.75
55.00
55.00
55.00
55.00
56.00
55.50
55.25
57.50
55.75
55.50
55.00
55.50
56.00
54.50
55.25
59.25
55.25
55.25
55.00
55.25
55.50
55.25
56.25
58.50
55.25
55.00
59.75
54.75
55.25
55.00
58.25
57.75
54.75
55.75
55.75
56.00
55.50
54.75
55.00
58.00
55.00
54.75
54.50
55.25
55.50
54.75
54.75
56.25
55.00
54.75
58.75
55.00
56.25
55.50
55.00
57.50
55.25
54.25
58.75
54.25
54.75
55.00
54.50
54.75
54.75
54.50
56.50
54.25
50.50
56.75
49.00
49.00
47.75
55.00
52.75
53.25
53.75
54.50
52.75
53.50
57.50
54.00
54.00
53.00
53.75
55.00
54.25
54.75
58.00
54.25
54.25
54.25
54.00
57.50
54.75
54.75
60.00
55.00
55.00
55.00
55.50
56.00
55.25
54.50
55.50
55.00
55.75
58.00
54.75
55.00
54.50
55.25
55.00
54.00
55.00
57.75
55.00
55.00
54.75
55.00
55.75
54.75
55.00
58.75
54.75
56.25
54.00
54.75
54.75
54.75
53.75
55.25
54.75
55.00
54.25
53.50
55.00
53.75
54.75
55.00
53.75
55.00
57.75
55.00
55.25
54.75
54.75
55.50
55.25
54.75
57.00
54.75
60.00
54.50
55.00
57.25
54.25
54.50
55.75
54.75
55.50
57.75
55.00
54.50
54.00
56.00
54.75
54.50
54.75
57.00
54.75
56.00
55.25
54.50
56.25
54.75
55.25
55.00
54.75
54.25
60.00
54.75
54.50
54.75
54.75
55.50
55.00
55.25
59.50
55.25
54.75
56.25
55.50
55.00
54.25
55.00
57.75
54.75
54.25
54.50
55.00
55.75
54.50
54.50
55.50
55.00
55.50
56.25
55.00
55.25
55.00
55.25
55.25
54.75
55.25
58.25
55.00
54.00
54.25
54.25
55.25
54.75
54.50
55.75
54.75
54.75
54.50
54.75
54.50
54.75
54.50
55.50
54.75
54.50
57.25
54.00
54.00
54.75
54.50
57.25
58.25
56.75
59.50
55.50
55.50
55.75
55.50
56.00
55.25
54.75
57.25
54.50
55.50
55.00
54.50
54.75
54.75
55.50
56.25
54.75
55.50
59.00
54.75
54.50
55.50
55.00
55.25
58.00
55.50
58.00
55.00
59.75
55.00
54.25
56.00
54.75
56.75
55.25
55.00
55.25
58.25
55.25
55.25
54.50
55.50
56.50
55.50
55.25
56.75
56.50
55.00
55.50
55.00
55.75
54.75
55.00
55.75
54.75
55.00
60.50
54.75
55.75
55.00
55.25
55.75
55.50
54.75
59.75
54.75
55.50
59.75
54.75
55.25
54.75
55.00
57.50
55.00
55.25
55.75
54.25
55.75
54.50
55.00
55.00
56.50
55.00
60.00
55.75
55.25
54.75
55.00
54.75
54.75
54.75
57.00
55.00
55.75
54.75
55.00
54.75
54.50
54.75
55.50
55.75
55.50
58.25
55.00
54.50
55.75
54.75
55.75
55.25
55.25
56.75
55.00
54.75
54.25
55.00
55.25
54.75
55.75
56.25
55.25
55.25
60.50
55.25
54.25
55.00
54.75
55.50
54.50
54.50
58.00
54.25
55.25
54.75
54.50
55.50
54.75
54.50
58.25
54.25
55.00
54.75
54.50
54.75
54.25
53.75
55.75
54.50
55.75
56.75
55.25
56.50
55.00
55.00
55.75
55.00
54.75
60.00
55.50
55.75
57.25
54.75
54.75
54.75
54.75
57.25
54.50
54.75
54.75
55.50
55.50
54.50
55.25
56.25
54.75
54.75
59.75
55.25
55.00
54.75
54.25
55.25
55.00
55.00
56.75
55.75
55.75
55.00
55.00
57.00
54.50
55.00
55.75
55.00
55.00
59.50
55.75
55.25
56.00
58.00
56.75
55.00
55.50
58.00
54.75
55.00
55.25
54.25
55.75
55.75
55.25
56.00
55.50
55.00
61.25
55.50
55.25
57.00
55.00
55.25
55.75
54.50
59.00
56.00
54.50
55.00
54.50
54.75
55.00
54.75
56.25
54.75
55.00
55.25
55.50
55.50
54.75
54.75
55.75
54.25
54.75
59.75
53.75
54.75
54.75
56.75
55.50
54.75
55.00
59.00
55.50
55.50
55.25
56.00
53.25
57.50
54.50
53.00
58.00
58.75
63.50
56.75
57.00
55.25
55.25
55.50
55.50
55.75
60.50
54.75
55.50
54.00
55.75
61.25
63.00
57.50
62.25
58.00
58.00
60.25
59.25
57.75
56.50
59.75
59.00
57.75
61.50
64.25
64.50
65.75
64.25
57.50
54.50
60.25
56.50
59.25
51.00
49.00
57.00
49.75
49.75
47.50
47.75
49.25
46.75
47.25
47.75
46.50
45.50
46.25
55.75
53.00
49.50
48.75
62.50
59.00
56.00
57.00
60.75
58.50
52.50
54.25
64.00
65.75
68.25
70.75
64.00
66.75
64.75
67.75
65.50
60.75
52.00
51.75
54.50
58.75
71.75
73.25
51.25
51.50
51.75
50.50
62.25
69.50
71.75
69.50
67.00
69.75
60.00
54.00
52.50
54.50
50.00
51.25
50.25
66.75
67.25
60.00
54.25
53.00
57.75
53.75
66.50
51.50
51.75
54.75
51.50
50.50
55.50
59.75
51.75
54.00
48.50
49.50
62.25
56.00
50.50
57.75
49.75
48.25
47.25
47.00
47.25
45.25
47.00
55.75
47.75
47.00
46.75
45.75
45.00
47.00
45.00
44.00
55.50
46.75
44.25
45.25
44.50
44.25
43.75
47.75
46.25
47.00
49.25
46.50
46.00
44.75
49.00
46.75
44.75
46.00
43.50
47.75
55.00
43.75
45.50
44.00
44.25
43.75
45.00
44.50
45.00
43.75
44.75
44.25
43.25
42.75
44.50
44.50
44.25
49.00
44.25
44.50
50.75
43.25
45.25
44.75
43.25
43.50
43.75
44.00
44.25
42.75
44.25
45.25
52.00
44.75
44.00
59.00
44.75
53.50
45.50
48.00
47.00
46.00
46.25
46.00
46.50
48.00
43.50
44.50
43.75
43.00
43.50
45.00
46.50
44.50
48.50
42.50
57.00
50.50
44.00
43.25
43.25
43.00
43.25
44.25
42.75
43.75
43.25
43.50
44.75
44.00
45.25
46.75
44.25
47.00
54.75
47.00
46.25
51.25
50.00
46.50
47.50
48.00
49.50
47.25
50.25
53.50
48.75
50.25
57.00
55.50
47.75
48.50
46.50
46.50
45.50
45.50
46.50
44.75
59.00
45.50
44.00
43.75
45.00
44.00
51.75
66.75
60.50
56.25
59.75
66.25
60.00
49.25
47.50
48.00
46.00
46.00
57.00
47.50
48.00
46.50
45.75
46.00
48.50
45.00
47.25
45.25
44.75
46.25
45.50
43.50
44.75
42.75
45.75
48.00
42.00
42.25
50.25
48.75
42.50
42.25
41.25
42.00
41.00
42.75
44.50
41.50
42.50
42.25
41.00
40.50
52.50
41.75
41.25
50.50
42.00
41.25
47.25
41.25
42.00
41.00
41.00
40.50
40.75
40.50
40.50
40.50
48.75
48.25
40.00
40.00
41.50
39.00
39.75
41.50
39.00
39.50
45.00
39.50
41.00
48.50
39.50
40.25
42.50
40.00
40.00
39.50
39.00
39.50
39.75
41.25
40.50
39.50
39.25
40.25
40.00
40.00
41.50
38.25
39.00
42.75
38.25
40.00
47.25
38.75
38.75
38.75
37.75
39.00
39.00
37.75
38.00
38.75
37.75
38.00
38.25
38.00
39.00
37.25
38.00
46.00
37.75
38.25
52.50
39.00
37.75
37.50
38.50
37.25
38.50
38.25
39.00
38.75
37.50
39.25
38.00
38.25
40.25
38.25
39.50
38.50
37.00
37.00
42.25
37.25
37.50
45.25
36.75
37.00
37.25
37.25
37.25
37.00
36.50
37.00
36.75
36.50
37.25
37.50
37.00
37.50
38.75
39.25
41.25
38.00
38.25
43.00
37.25
37.25
42.50
36.75
36.75
36.00
36.75
37.00
38.00
42.75
43.75
36.50
37.00
37.50
37.00
37.50
37.50
39.25
37.00
38.50
36.75
36.75
44.50
36.25
37.75
38.00
38.50
38.50
36.00
37.00
36.25
36.75
36.75
37.00
35.25
36.25
37.25
36.25
36.00
36.25
35.50
35.50
37.25
35.75
35.75
39.50
36.50
35.50
43.25
35.50
35.50
36.50
36.75
36.25
35.75
38.75
37.50
42.50
38.50
37.50
35.50
35.50
37.25
38.00
36.75
39.25
36.50
35.50
43.25
36.25
36.25
36.25
38.75
37.00
35.75
35.75
35.75
36.75
37.75
36.50
38.25
36.00
36.75
35.75
35.50
42.00
40.25
35.75
40.75
37.50
36.25
37.00
36.25
36.75
35.50
35.50
35.75
37.25
36.25
36.50
36.75
38.75
36.50
35.50
36.75
39.25
36.50
36.50
40.25
35.50
35.75
44.00
36.25
35.75
36.25
38.25
35.75
35.50
35.75
35.50
36.75
35.00
35.75
34.50
36.00
37.75
37.00
36.00
37.00
34.75
35.75
38.75
35.25
35.75
46.50
37.00
35.50
35.00
36.50
35.50
36.25
36.00
35.75
45.25
35.50
35.75
35.75
35.50
36.50
42.50
38.00
36.50
35.50
35.50
39.00
36.25
36.00
44.75
35.50
35.50
35.75
35.50
35.25
35.50
35.75
35.75
36.50
35.50
37.00
35.75
35.50
35.75
36.00
35.50
35.75
35.25
35.25
36.75
34.75
34.50
39.25
34.50
35.75
42.50
34.75
34.75
35.25
34.75
35.00
34.25
34.50
34.50
34.00
34.25
34.00
36.00
34.50
35.50
34.00
34.25
34.75
34.25
34.00
35.50
34.00
35.00
40.00
35.25
36.00
41.50
34.00
35.50
34.50
35.00
35.25
34.75
35.50
35.50
34.50
34.25
35.00
37.00
36.00
37.00
34.50
34.50
36.00
35.75
34.75
43.00
41.50
35.00
42.00
35.75
34.75
36.50
35.50
36.00
35.50
34.75
35.50
34.50
41.75
37.00
35.00
35.75
36.50
41.25
35.25
38.00
36.25
36.75
37.75
35.50
36.50
43.75
35.00
35.50
35.75
35.25
36.00
35.75
36.00
35.75
35.75
35.25
36.25
35.75
35.50
35.50
35.25
35.00
35.75
35.25
34.75
36.50
34.50
35.25
38.25
36.00
35.25
45.00
35.00
34.25
35.25
34.75
34.25
34.00
34.25
35.00
35.75
34.75
34.00
34.75
34.25
35.25
34.25
47.25
50.00
54.25
51.75
44.25
39.75
39.25
44.75
39.00
38.50
38.50
37.00
37.50
36.75
37.25
37.50
36.50
37.75
40.25
38.50
39.75
39.75
